18
19
20
21
22
29
34
35
36
37
38
39
40
582
583
584
585
586
587
589
590
591
592
593
594
595
596
597
598
599
600
601
602
603
605
606
607
608
609
613
614
615
616
617
618
619
620
621
622
623
624
625
626
627
628
629
630
631
632
633
634
635
638
639
640
641
642
643
644
645
648
649
650
651
652
653
654
655
656
657
671
672
1201
1202
1223
1224
1225
1226
1227
1228
1229
1230
1231
1232
1233
1896
1898
1900
1902
1904
1912
1914
1916
1918
1944
2006
2078
2161
2173
2175
2183
2185
2193
2195
2203
2205
2436
2444
2446
2454
2464
2466
2476
2478
2486
2488
2834
2836
2863
2998
3218
3514
3516
3518
3532
3549
3628
3751
3753
3756
3764
3766
3768
4005
4051
4246
4247
4302
4306
4308
4310
4312
4363
4388
9858
9871
10246
10248
10250
10252
11011
11019
11129
11132
11134
11172
11174
11176
11178
11182
11184
11186
11188
11190
11192
11194
11196
11198
11200
11202
11365
11371
11373
11375
11377
11379
11381
11383
11387
11389
11393
11396
11399
11400
11567
11936
11938
11940
11942
11957
11959
11961
11963
11965
11969
11971
11978
11985
11987
11989
11993
11995
11999
12003
12005
12011
12013
12015
12017
12019
12021
12023
12032
12034
12036
12038
12042
12044
12729
12731
12733
12735
12743
12745
12747
12753
13202
15508
15510
16206
16227
16229
16231
16233
16236
16238
16240
16242
16258
16259
16260
16261
16262
16263
16264
16265
16266
16267
16268
16269
16272
16273
16274
16275
16633
16634
16635
16636
16637
16638
16639
16640
16641
16642
16643
16644
16646
16647
16648
16649
16650
16651
16652
16653
16654
16655
16656
16657
16658
16659
16660
16661
16662
16663
16664
16665
16666
16667
16668
16669
16670
16671
16672
16673
16678
16679
16680
16681
16682
16683
17317
17360
17425
17426
17428
17429
17432
17433
17436
17437
17440
17441
17444
17445
17448
17449
17452
17453
17455
17456
17459
17460
17463
17464
17466
17467
17470
17471
17476
17478
17480
17565
17619
17634
17636
17703
17705
17707
17709
17713
17715
17718
17720
17722
17726
17728
17732
17736
17738
17740
17769
17812
17841
17843
17865
17866
17867
17868
17869
17870
17887
17888
17889
17918
17920
17922
17924
17926
17928
17930
17932
17959
17960
17975
17976
17977
17978
19720
19722
19724
19726
19744
20125
20183
20185
20187
20189
20431
21097
21628
21638
21640
21815
22428
22430
22436
22440
22442
22444
22446
22448
22452
22456
22460
22464
22466
22468
22470
22474
22544
22546
22548
22572
22574
22713
22765
22780
22852
23473
23506
23510
23512
23523
23525
23536
23559
23561
23563
23659
23702
23705
23707
23709
23711
23713
23715
23717
23719
23721
23723
23725
23727
23729
23731
23757
23759
23773
23911
23913
23915
23917
23919
24483
24688
24690
24692
24694
24696
24698
24700
24702
25237
25241
25242
25252
25283
25330
25331
25332
25333
25334
25335
25336
25337
25338
25339
25340
25341
25342
25343
25344
25345
25346
25347
25348
25411
25412
25413
25414
25560
25588
25589
25590
25591
25592
25593
25594
25595
25596
25597
25598
25599
25600
25601
25602
25603
25604
25605
25606
25607
25608
25609
25610
25611
25612
25613
25614
25615
25616
25617
25618
25619
25620
25621
25622
25623
25624
25625
26713
26840
26842
26851
26852
26868
27028
27029
27299
27301
27303
27305
28197
28199
28201
28203
28205
28207
28209
28211
28213
28215
28262
28264
28266
28268
28270
28272
28274
28276
28278
28280
28282
28284
28286
28288
28290
28292
28294
28296
28298
28300
28302
28304
28306
28308
28352
28361
28362
28363
28364
28365
28366
28367
28385
28387
28388
28389
28390
28391
28392
28393
28394
28395
28396
28397
28398
28399
28400
28401
28402
28403
28404
28405
28406
28407
28408
28409
28410
28411
28412
28413
28414
28415
28416
28417
28418
28419
28420
28421
28422
28423
28424
28425
28426
28427
28428
28429
28430
28431
28432
28433
28434
28435
28436
28437
28438
28439
28440
28441
28442
28443
28444
28606
28617
28618
28619
28620
28621
28622
28623
28624
28625
28626
28627
28628
28659
28661
28665
28686
28687
28688
28689
28690
28691
28692
28693
28710
28844
28846
28848
28850
29113
29115
29117
29119
29121
29123
29125
29127
29129
29131
29133
29135
29248
29266
29328
29330
29332
29334
29336
29337
29340
29344
29659
29660
29661
29662
29663
29664
29984
29986
29988
29990
29998
30000
30016
30017
30018
30019
30020
30021
30022
30023
30024
30025
30027
30247
30248
30249
30250
30251
30252
30253
30254
30255
30256
30257
30258
30259
30260
30261
30262
30263
30264
30265
30266
30267
30268
30269
30270
30271
30272
30303
30304
30305
30306
30307
30308
30309
30310
30311
30312
30313
30314
30315
30316
30317
30318
30319
30320
30321
30322
30842
31864
31866
31868
31870
31872
31874
31876
31878
31880
31882
31884
31886
31888
31890
31892
31894
32207
32209
32305
32307
32309
32311
32465
32788
32790
32811
32821
32822
32823
32824
32825
32826
32827
32828
32829
32840
32842
32844
32846
32848
32874
32876
32878
32880
32983
32985
32987
32989
33079
33081
33083
33099
33151
33153
33155
33157
33190
33328
33336
33337
33338
33339
33359
33360
33361
33362
33395
33397
33468
33470
33472
33513
33553
33623
33625
33627
33629
33631
33633
33635
33637
33639
33641
33643
33645
33647
33649
33651
33653
33655
33657
33659
33661
33663
33665
33667
33669
33671
33673
33675
33677
33681
33683
33685
33687
33689
33691
33693
33695
33697
33704
33706
33708
33710
33712
33816
33818
33820
33869
33871
33873
33875
33877
33879
33881
33883
34118
34151
34213
34215
34217
34219
34221
34223
34225
34227
34229
34231
34233
34235
34237
34239
34241
34243
34245
34247
34249
34251
34253
34255
34257
34317
34328
34339
34341
34343
34345
34441
34443
34445
34457
34459
34461
34463
34465
34467
34469
34471
34473
34475
34477
34479
34496
34562
34590
34828
35683
35779
35781
36945
37135
37453
37454
37455
37456
37457
37458
37459
37460
37480
37481
37482
37483
37604
37605
37606
37607
41030
41263
41264
41265
41266
41267
41268
41269
41302
41303
41304
41305
41306
41307
41308
41309
41310
41311
41312
42124
42125
42126
42132
42133
42241
42242
42243
42244
42245
42246
42685
43681
43694
43699
43700
43701
44274
44993
44995
44996
45490
45491
45492
45493
45494
45495
45496
45497
45498
45499
45500
45501
45502
45503
45504
45506
45510
45511
45512
45513
45530
45531
45534
45645
45647
45649
45660
45661
45662
45663
46252
46253
46254
46255
46256
46257
46258
46259
46280
46281
46282
46283
46284
46285
46286
46287
46288
46289
46290
46291
46292
46293
46294
46295
46296
46297
46298
46299
46300
46301
46302
46303
46304
46305
46306
46307
46308
46309
46310
46311
46312
46313
46314
46315
46316
46317
46318
46319
46675
46676
46677
46678
46679
46680
46681
46682
46683
46684
46685
46686
46687
46688
46689
46691
46692
46693
46694
46695
46696
46697
46698
46699
46700
46701
46702
46703
46704
46705
47269
47270
47271
47466
47727
47728
47975
48080
48112
48635
48636
48648
48744
48916
48917
48918
48919
48927
49710
49711
49712
49713
49789
50015
52250
52252
52254
52267
52306
52315
52316
52907
52996
54562
54731
54732
54733
54970
54971
54972
55760
55761
56625
56626
56627
56628
56629
56630
56950
57027
57028
57453
57454
57455
57456
57457
57458
57459
57460
57461
57462
57463
57464
57465
57466
57467
57468
57469
58745
60478
60479
60480
60481
60559
60560
60561
60562
60764
60765
60766
60771
62454
62455
62456
62457
62458
62459
62460
62461
62463
62464
62466
62467
62468
62469
62470
62471
62472
62473
62474
62475
62476
62477
62478
62479
62480
62481
62482
62483
62484
62485
62486
62487
62488
62489
62490
62491
62492
62493
62494
62495
62496
62497
62498
62499
62500
62501
62502
62503
62504
62505
62506
62507
62508
62509
62510
62511
62512
62513
62514
62515
62516
62517
62518
62519
62520
62521
62522
62523
62524
62525
62526
62527
62528
62529
62530
62531
62532
62533
62534
62535
62536
62537
62538
62539
62540
62541
62542
62543
62544
62545
62546
62547
62548
62549
62550
62551
62552
62553
62554
62555
62556
62557
62558
62559
62560
62561
62562
62563
62564
62565
62566
62567
62568
62569
62570
62571
62572
62573
62574
62575
62576
62577
62578
62579
62580
62581
62582
62583
62584
62586
62587
62588
64034
72811
72812
72869
72872
72902
72903
72904
72907
72913
72935
73787
73789
73790
73792
73793
73794
73795
73796
74141
74316
74521
74522
74523
74524
74525
74526
74527
74528
74529
74530
74531
74532
74533
74534
74535
74536
75275
75276
75277
75278
75279
75280
75281
75282
75283
75284
75285
75286
75287
75288
75289
75290
76373
76374
77114
77118
77281
77283
77284
77288
77418
77419
77420
77421
77524
77726
78333
78366
78367
78369
78414
78576
79910
79911
